Game: FE14
Number of chapters: 75
Words per chapter: [1331, 1814, 1208, 1270, 2886, 1077, 1104, 2096, 2433, 1855, 2263, 2588, 2164, 3297, 2596, 1867, 1632, 2098, 1087, 682, 2134, 4847, 1756, 1497, 1967, 2086, 2994, 1022, 2389, 2235, 1637, 1197, 2492, 1541, 3402, 2327, 1898, 1547, 1759, 2454, 1505, 1732, 2801, 1417, 863, 3605, 1623, 2455, 1782, 1004, 1854, 1517, 187, 733, 885, 535, 553, 832, 1159, 905, 356, 813, 869, 917, 1076, 1111, 792, 630, 922, 800, 1041, 946, 776, 655, 901]
Average number of words per chapter: 1614.4133333333334
Number of words: 121081
Number of unique words: 6221
Number of words that only appear once: 2589
Sample of words used only once: ['garde', 'declare', 'buttling', 'acorns', 'earthy', 'nicest', 'branches', 'prefers', 'lone', 'wears', 'approaches', 'ambushed', 'dashing', 'ds', 'paw', 'perfecting', 'fiercer', 'arranging', 'twitching', 'grrrah', 'gaah', 'prettiest', 'glossy', 'pearl', 'bat', 'shriveled', 'chew', 'dote', 'aspect', 'memorized', 'constantly', 'volunteer', 'buts', 'jiffy', 'prefect', 'rigorously', 'disciplines', 'overconfident', 'observed', 'paragons', 'patch', 'needle', 'assessment', 'recuperation', 'mobilized', 'outdoing', 'rate', 'novice', 'startled', 'spitting']
Longest dictionary word: misunderstanding
Longest dictionary word length: 16
Average word length: 4.03148305679669

Number of words (excluding stopwords): 61225
Most common words (excluding stopwords): [('im', 906), ('corrin', 839), ('dont', 588), ('well', 508), ('youre', 501), ('know', 491), ('us', 464), ('right', 445), ('like', 428), ('father', 371), ('time', 364), ('cant', 354), ('must', 353), ('thats', 334), ('ill', 320), ('see', 315), ('would', 313), ('yes', 306), ('back', 303), ('one', 302), ('please', 302), ('way', 300), ('oh', 287), ('get', 284), ('could', 271), ('even', 259), ('nohr', 256), ('thank', 246), ('really', 240), ('come', 234), ('sorry', 230), ('hoshido', 226), ('never', 226), ('ive', 223), ('think', 223), ('take', 220), ('wont', 219), ('let', 217), ('go', 211), ('going', 211), ('king', 207), ('still', 204), ('good', 204), ('make', 202), ('xander', 197), ('need', 194), ('say', 189), ('azura', 176), ('nohrian', 176), ('takumi', 175)]

Longest sentence length: 21
Average sentence length: 5.658887229275579
Longest sentence: While you were doing the king's bidding we couldn't help but wonder what awful trials he was forcing you to endure.

length,words,unique words
1,6255,22
2,22003,58
3,25580,270
4,28223,768
5,14583,981
6,10611,1086
7,6385,1026
8,3748,773
9,1832,564
10,959,341
11,389,177
12,200,87
13,179,40
14,121,18
15,6,5
16,5,3
17,1,1
18,1,1

TEXT COMPLEXITY
Sentences, words per sentence, characters per word, words, characters
244 5.69 4.21 1388 5840
352 5.56 4.31 1956 8428
200 6.51 4.34 1303 5650
216 6.21 4.15 1341 5566
523 5.8 4.28 3031 12972
165 6.82 4.2 1125 4722
217 5.42 4.11 1177 4842
457 4.68 4.17 2141 8918
391 6.49 4.23 2537 10733
304 6.47 4.2 1966 8264
371 6.4 4.11 2373 9750
448 6.07 4.24 2720 11539
341 6.62 4.2 2258 9492
530 6.48 4.13 3436 14185
454 5.95 4.1 2701 11070
334 5.96 4.19 1990 8336
308 5.56 4.23 1711 7245
372 5.89 4.11 2191 9011
172 6.65 4.11 1144 4698
121 6.03 4.33 730 3158
390 5.81 4.2 2265 9505
864 5.85 4.1 5055 20702
339 5.49 4.26 1861 7919
238 6.68 4.26 1590 6769
349 5.91 4.3 2062 8859
400 5.53 4.04 2210 8920
509 6.17 4.11 3141 12894
215 5.07 4.16 1090 4539
456 5.48 4.12 2500 10299
389 6.03 4.07 2346 9545
283 6.04 4.18 1710 7143
196 6.51 4.3 1275 5477
430 6.07 4.17 2612 10883
237 6.75 4.14 1599 6623
508 7.01 4.04 3560 14379
435 5.66 4.22 2462 10393
333 6.02 4.22 2003 8453
285 5.75 4.11 1638 6735
273 6.79 4.19 1855 7767
378 6.78 4.09 2562 10481
271 5.79 4.2 1569 6590
344 5.24 4.23 1801 7611
430 6.79 4.13 2919 12044
259 5.86 4.06 1518 6156
192 4.76 4.44 913 4050
654 5.79 4.08 3787 15433
297 5.75 4.15 1709 7092
450 5.76 4.22 2591 10926
328 5.77 4.23 1894 8013
172 6.18 4.16 1063 4427
310 6.18 4.02 1915 7707
243 6.52 4.17 1584 6604
43 4.77 4.55 205 933
151 5.09 3.86 768 2964
147 6.25 3.97 919 3645
126 4.51 3.86 568 2193
117 4.99 3.97 584 2316
158 5.59 4.29 883 3789
230 5.2 4.15 1197 4969
177 5.19 4.14 918 3803
87 4.4 4.06 383 1554
151 5.67 4.05 856 3469
196 4.61 4.09 904 3698
177 5.42 3.95 960 3794
216 5.2 4.04 1124 4541
208 5.59 4.03 1163 4690
197 4.2 3.91 828 3239
105 6.25 4.13 656 2710
203 4.75 4.03 965 3885
175 4.9 4.09 858 3513
189 5.68 4.03 1074 4331
200 4.93 3.97 987 3914
155 5.3 4.01 822 3295
144 4.74 4.16 682 2837
175 5.44 4.18 952 3978

21704 5.86 4.15 127134 527417